 Table 1
            Predicted and Actual Values of the Growth Rate of Real GDP

                   833  834  841  842  843  844  851  852  853  854  

Actual:            8.2  8.6  8.1  7.1  3.9  3.3  3.9  3.6  6.2  3.0  
Forecast Dated:
1.  Sept.23, 1983  8.2  7.5  7.0  6.8  7.0  6.5  5.9  5.3  4.5  3.9  
2.  Dec. 3, 1983        7.1  6.3  5.8  5.4  4.8  4.4  3.9  3.4  3.0  
3.  Jan. 28, 1984            5.8  6.6  6.3  5.9  5.3  4.6  3.9  3.2  
4.  April 24, 1984                5.6  4.7  4.4  4.0  3.7  3.4  3.0  
5.  July 26, 1984                      6.0  5.2  4.3  3.7  3.0  2.5  
6.  Oct. 24, 1984                           3.1  3.2  3.3  3.3  3.3  
7.  Jan. 24, 1985                                5.1  4.8  4.6  3.9  
8.  April 20, 1985                                    4.3  3.7  4.0  
9.  July 22, 1985                                          4.2  4.5  
10. Oct. 22, 1985                                               4.4  


                              Table 1 (continued)
            Predicted and Actual Values of the Growth Rate of Real GDP

                      853  854  861  862  863  864

Actual:               6.2  3.0  3.8  1.8  3.9  2.2  
Forecast Dated:  
9.  July 22, 1985     4.2  4.5  3.9  3.9  3.4  3.0   
10. Oct. 22, 1985          4.4  4.4  4.3  3.6  3.0   
11. Jan. 27, 1986               4.2  4.1  3.3  2.7   



                              Table 1 (continued)
            Predicted and Actual Values of the Growth Rate of Real GDP

                      862  863  864  871  872  873  874  881  882  883  884   

Actual:               1.8  3.9  2.2  3.0  4.4  3.5  7.0  2.1  5.4  2.4  5.4  
Forecast Dated:  
12. April 21, 1986    4.9  4.2  3.6  3.6  3.4  3.2  3.1  3.1  3.1  3.1  3.1 
13. July 28, 1986          4.7  4.3  4.4  3.8  4.2  3.9  3.6  3.3  3.1  3.0   
14. October 25, 1986            4.2  3.4  3.4  4.2  4.1  3.8  3.8  3.2  3.0   
15. January 25, 1987                 3.0  3.7  3.2  4.2  4.1  3.9  3.5  3.2   
16. May 4, 1987                           2.6  4.1  3.1  3.3  3.7  3.6  3.5   
17. July 30, 1987                              2.7  3.2  3.1  4.0  4.1  3.9   
18. October 31, l987                                3.1  2.2  2.7  2.8  3.1   
19. January 30, 1988                                     2.4  3.0  2.9  3.4   
20. April 28, 1988                                            2.9  3.0  3.3   
21. July 29, 1988                                                  3.3  3.7   
22. October 28, 1988                                                    3.6   



                              Table 1 (continued)
            Predicted and Actual Values of the Growth Rate of Real GDP
 
                      882  883  884  891  892  893  894  901  902  903  904   

Actual:               5.4  2.4  5.4  4.1  3.1  3.0  0.8  4.4  1.5  0.3 -3.6  
Forecast Dated:   
20. April 28, 1988    2.9  3.0  3.3  3.4  3.2  2.9  2.7  2.9  2.8  2.7  2.7   
21. July 29, 1988          3.3  3.7  3.5  3.1  2.8  2.4  2.6  2.5  2.4  2.4   
22.  October 28, 1988           3.6  3.9  3.6  3.2  2.9  3.0  2.9  2.8  2.7   
23. January 31, 1989                 4.7  3.2  3.2  3.1  2.9  2.8  2.7  2.6   
24. April 27, 1989                        2.8  3.2  3.2  2.9  2.6  2.4  2.2   
25. July 30, 1989                              1.9  2.7  2.7  2.8  2.7  2.5   
26. October 29, 1989                                2.7  3.0  2.9  2.6  2.7   
27. January 31, 1990                                     1.8  2.3  2.8  2.8   
28. May 1, 1990                                               2.4  3.1  3.0   
29. July 31, 1990                                                  0.9  1.9 
30. November 2, 1990                                                    0.3   



                              Table 1 (continued)
            Predicted and Actual Values of the Growth Rate of Real GDP
 
                      902  903  904  911  912  913  914  921  922  923  924  

Actual:               1.5  0.3 -3.6 -1.9  3.2  2.0  1.4  4.9  4.4  4.0  4.2  
Forecast Dated:   
28. May 1, 1990       2.4  3.1  3.0  2.9  2.7  2.5  2.3  2.5  2.5  2.5  2.5  
29. July 31, 1990          0.9  1.9  2.5  2.8  2.9  2.9  3.0  3.0  3.0  2.9  
30. November 2, 1990            0.3  0.6  0.9  1.3  1.7  2.3  2.7  2.9  3.0  
31. January 30,1991                  2.6  2.3  2.5  2.5  2.6  2.8  2.9  2.9  
32. April 29, 1991                        1.3  1.8  3.1  3.8  4.0  4.0  3.8  
33. July 27, 1991                              0.9  2.6  3.4  3.6  3.6  3.4  
34. October 30, 1991                                1.9  3.1  3.9  3.5  3.4  
35. February 2, 1992                                     2.2  3.2  3.4  4.2  
36. April 30, 1992                                            4.4  4.0  4.6  
37. August 5, 1992                                                 2.4  3.3  
38. November 6, 1992                                                    2.5  


                              Table 1 (continued)
            Predicted and Actual Values of the Growth Rate of Real GDP
 
                      922  923  924  931  932  933  934  941  942  943  944  

Actual:               4.4  4.0  4.2  0.7  2.4  1.9  5.6  3.9  5.5  2.4  4.7  
Forecast Dated:  
36. April 30, 1992    4.4  4.0  4.6  4.8  3.9  3.2  2.8  2.3  2.0  2.3  2.4   
37. August 5, 1992         2.4  3.3  4.0  4.1  3.8  3.4  2.9  2.5  2.6  2.6   
38. November 6, 1992            2.5  3.3  3.5  3.8  3.6  3.3  2.9  2.6  2.3   
39. January 31, 1993                 4.1  2.5  2.7  3.2  3.1  3.1  2.9  2.7   
40. May 1, 1993                           2.1  2.4  3.1  3.5  3.6  3.5  3.2   
41. September 5, 1993                          2.8  2.8  2.4  2.1  2.1  2.2   
42. November 1, 1993                                3.0  3.2  3.0  2.6  2.4   
43. February 2, 1994                                     3.9  3.3  2.8  2.5   
44. May 2, 1994                                               2.8  2.6  2.8   
45. August 2, 1994                                                 1.2  2.1   
46. November 1, 1994                                                    1.2   


                              Table 1 (continued)
            Predicted and Actual Values of the Growth Rate of Real GDP
 
                      942  943  944  951  952  953  954  961  962  963  964  

Actual:               5.5  2.4  4.7  1.4  1.2  3.5  2.7  3.0  6.8  3.6  4.2
Forecast Dated:  
44. May 2, 1994       2.8  2.6  2.8  2.6  2.3  2.2  2.2  2.2  2.1  2.1  2.2   
45. August 2, 1994         1.2  2.1  2.6  2.5  2.4  2.5  2.4  2.3  2.2  2.1   
46. November 1, 1994            1.2  2.5  2.3  2.1  2.2  2.3  2.3  2.2  2.2   
47. January 30, 1995                 1.2  1.6  2.3  2.6  2.8  2.9  2.9  2.9   
48. April 29, 1995                        2.1  2.5  2.9  2.7  2.6  2.5  2.4   
49. July 29, 1995                              2.4  2.5  2.3  2.4  2.5  2.5   
50. October 28, 1995                                2.4  2.5  2.5  2.3  2.2   
51. February 29, 1996                                    2.7  2.8  2.3  2.3   
52. May 3, 1996                                               3.7  2.6  2.3   
53. August 2, 1996                                                 2.9  2.2


                              Table 1 (continued)
            Predicted and Actual Values of the Growth Rate of Real GDP
 
                      962  963  964  971  972  973  974  981  982  983  984  

Actual:               6.8  3.6  4.2  2.6  6.8  5.1  3.5  4.1  3.7  5.1  6.6
Forecast Dated:     
52. May 3, 1996       3.7  2.6  2.3  2.2  2.0  2.0  2.1  2.0  2.1  2.2  2.4   
53. August 2, 1996         2.9  2.2  2.1  2.0  2.0  2.1  2.2  2.3  2.4  2.6   
54. November 1, 1996            1.9  2.5  2.8  2.4  2.4  2.4  2.3  2.3  2.5   
55. February 1, 1997                 3.0  2.5  2.3  2.1  2.1  2.1  2.2  2.4   
56. May 9, 1997                           3.7  2.7  2.4  2.0  1.8  1.9  2.0   
57. August 4, 1997                             1.1  2.2  2.5  2.3  2.2  2.2   
58. November 11, 1997                               3.5  3.3  2.6  2.3  2.1   
59. January 30, 1998                                     2.7  2.7  2.6  2.2   
60. April 30, 1998                                            2.2  3.0  2.8   
61. July 31, 1998                                                  2.3  2.5   


                              Table 1 (continued)
            Predicted and Actual Values of the Growth Rate of Real GDP
 
                      982  983  984  991  992  993  994  001  002  003  004  

Actual:               3.7  5.1  6.6  3.8  3.1  5.3  7.0  1.5  7.5  0.5  2.5
Forecast Dated:     
60. April 30, 1998    2.2  3.0  2.8  2.2  2.0  1.9  1.9  2.0  2.0  2.0  2.1
61. July 31, 1998          2.3  2.5  1.5  1.7  1.7  1.8  1.9  2.0  2.0  2.1
62. November 3, 1998            1.6  0.5  0.8  0.8  1.0  1.6  1.8  2.0  2.3
63. January 30, 1999                 3.1  2.5  1.9  1.6  1.9  2.0  2.1  2.3
64. May 1, 1999                           4.1  3.0  2.2  2.6  2.6  2.6  2.7
65. July 30, 1999                              4.0  2.9  3.0  3.2  2.9  2.6
66. November 5, 1999                                3.7  3.1  3.3  3.2  3.1
67. January 29, 2000                                     3.2  3.2  2.8  2.3
68. April 28, 2000                                            5.4  3.8  2.4



                              Table 1 (continued)
            Predicted and Actual Values of the Growth Rate of Real GDP
 
                      002  003  004  011  012  013  014  021  022  023  024  

Actual:               7.5  0.5  2.5 -1.1  2.4 -1.6  1.1  3.5  2.4  1.8  0.6
Forecast Dated:     
68. April 28, 2000    5.4  3.8  2.4  2.3  1.9  1.6  1.6  1.7  1.7  1.8  1.9
69. July 31, 2000          3.4  2.4  2.3  2.0  1.6  1.6  1.7  1.8  2.0  2.2
70. October 30, 2000            2.4  3.3  2.6  2.1  2.3  2.2  2.1  2.0  2.2
71. January 31, 2001                 0.8  0.7  1.1  1.4  1.6  1.9  2.0  2.1
72. April 27, 2001                        3.4  2.4  1.5  1.5  1.4  1.4  1.6
73. July 27, 2001                              2.0  1.4  1.7  1.9  1.8  1.9
74. November 1, 2001                                0.0  0.2  0.5  1.2  2.1
75. January 31, 2002                                     3.1  1.8  1.8  2.8



                              Table 1 (continued)
            Predicted and Actual Values of the Growth Rate of Real GDP
 
                      022  023  024  031  032  033  034  041  042  043  044  

Actual:               2.4  1.8  0.6  2.2  3.5  7.0  4.7  2.2  3.1  3.8  4.1
Forecast Dated:     
76. April 27, 2002    3.6  2.6  3.4  3.1  2.9  2.7  2.6  2.5  2.4  2.4  2.5
77. July 31, 2002          1.8  2.8  3.0  3.0  3.2  3.2  3.0  2.9  2.7  2.7
78. October 31, 2002            2.4  2.4  2.4  2.7  3.0  3.0  2.9  2.8  2.8
79. January 30, 2003                 2.7  2.7  2.8  3.1  3.0  2.9  2.8  2.7
80. April 25, 2003                        2.7  2.8  3.0  3.0  2.9  2.8  2.8
81. July 31, 2003                              4.1  3.6  3.5  3.4  3.0  2.9
82. October 31, 2003                                5.8  3.9  3.1  2.9  2.7
83. February 5, 2004                                     5.2  3.7  3.2  3.0


                              Table 1 (continued)
            Predicted and Actual Values of the Growth Rate of Real GDP
 
                      042  043  044  051  052  053  054  061  062  063  064  

Actual:               3.1  3.8  4.1  4.5  1.9  3.6  2.6  5.4  0.9  0.6  3.5
Forecast Dated:     
84. April 29, 2004    4.9  3.7  3.2  2.9  2.7  2.7  2.6  2.6  2.6  2.7  2.7
85. July 31, 2004          3.5  3.6  3.3  3.2  3.0  3.0  2.7  2.5  2.5  2.5
86. October 29, 2004            3.6  3.1  2.9  2.9  2.9  2.7  2.6  2.6  2.6
87. January 28, 2005                 4.1  3.2  2.9  2.8  2.5  2.5  2.4  2.4
88. April 29, 2005                        1.9  2.3  2.6  2.4  2.5  2.5  2.5
89. July 30, 2005                              4.0  2.9  2.3  2.4  2.2  2.3
90. October 31, 2005                                5.2  2.9  2.3  2.2  2.0
91. January 28, 2006                                     3.5  2.8  2.6  2.6


                              Table 1 (continued)
            Predicted and Actual Values of the Growth Rate of Real GDP
 
                      062  063  064  071  072  073  074  081  082  083  084  

Actual:               0.9  0.6  3.5  0.9  2.3  2.2  2.5 -2.3  2.1 -2.1 -8.4
Forecast Dated:     
92. April 28, 2006    3.6  2.9  2.7  2.5  2.4  2.4  2.4  2.5  2.6  2.6  2.7
93. July 28, 2006          1.6  2.3  2.4  2.4  2.6  2.6  2.7  2.7  2.7  2.8
94. October 27, 2006            2.1  2.6  2.7  2.7  2.7  2.7  2.7  2.7  2.8
95. January 31, 2007                 3.2  2.9  2.6  2.6  2.5  2.6  2.6  2.7
96. April 27, 2007                        3.2  3.0  2.9  2.8  2.8  2.7  2.7
97. July 27, 2007                              4.1  3.7  3.4  3.1  2.8  2.7
98. October 31, 2007                                3.4  3.2  3.1  2.8  2.7
99. January 31, 2008                                     3.1  2.5  2.7  2.6


                              Table 1 (continued)
            Predicted and Actual Values of the Growth Rate of Real GDP
 
                      082  083  084  091  092  093  094  101  102  103  104  

Actual:               2.1 -2.1 -8.4 -4.4 -0.6  1.5  4.5  1.5  3.7  3.0  2.0
Forecast Dated:     
100. April 30, 2008   3.2  3.5  2.6  3.3  2.8  2.7  2.6  2.5  2.5  2.5  2.5
101. July 31, 2008         2.8  3.5  3.2  3.2  3.0  2.9  2.8  2.7  2.6  2.6
102. October 30, 2008          -0.1  0.1  1.7  2.3  2.5  2.5  3.0  3.2  3.1
103. February 5, 2009               -1.8 -0.3  0.6  1.2  2.8  3.7  3.9  3.7
104. April 30, 2009                       0.6  0.8  1.0  2.7  3.5  3.7  1.7
105. August 24, 2009                           0.2  0.8  3.1  4.4  5.0  3.3
106. October 31, 2009                               3.3  3.8  4.4  4.7  3.0
107. January 30, 2010                                    3.0  4.3  4.9  3.3


                              Table 1 (continued)
            Predicted and Actual Values of the Growth Rate of Real GDP
 
                      102  103  104  111  112  113  114  121  122  123  124  

Actual:               3.7  3.0  2.0 -1.0  2.9 -0.1  4.7  3.2  1.7  0.5  0.5
Forecast Dated:     
108. April 30, 2010   3.6  4.4  3.1  3.1  3.7  4.3  3.9  4.0  4.2  4.3  4.1
109. July 30, 2010         2.5  2.9  3.1  3.8  4.4  4.0  4.1  4.3  4.3  4.1
110. October 29, 2010           0.8  2.7  3.7  4.6  4.4  4.6  4.7  4.7  4.4
111. January 29, 2011                5.4  4.2  4.3  3.9  2.9  2.8  3.0  3.1
112. April 28, 2011                       4.3  5.0  4.7  3.8  3.6  3.7  3.6
113. July 31, 2011                             3.0  5.4  4.7  4.5  4.5  4.4
114. October 30, 2011                               3.9  3.2  3.7  4.4  4.9
115. January 28, 2012                                    2.8  4.1  4.7  5.3


                              Table 1 (continued)
            Predicted and Actual Values of the Growth Rate of Real GDP
 
                      122  123  124  131  132  133  134  141  142  143  144  

Actual:               1.7  0.5  0.5  3.6  0.5  3.2  3.2 -1.1  5.5  5.0  2.3
Forecast Dated:     
116. April 27, 2012   3.9  5.0  5.5  5.0  4.6  4.4  4.3  4.1  4.0  3.9  3.8
117. July 27, 2012         3.4  4.8  4.8  4.6  4.6  4.6  4.5  4.4  4.2  4.1
118. October 26, 2012           3.5  4.2  4.4  4.7  4.9  4.9  4.7  4.6  4.4
119. January 30, 2013                3.6  4.2  4.7  4.8  4.8  4.7  4.5  4.3
120. April 26, 2013                       2.7  3.9  4.4  4.6  4.6  4.5  4.4
121. August 5, 2013                            3.3  4.9  5.0  4.7  4.7  4.5
122. November 11, 2013                              2.4  3.4  3.6  4.2  4.5
123. January 30, 2014                                    3.2  4.3  4.4  4.3


                              Table 1 (continued)
            Predicted and Actual Values of the Growth Rate of Real GDP
 
                      142  143  144  151  152  153  154  161  162  163  164  

Actual:               5.5  5.0  2.3  3.2  3.0  1.3  0.1  2.0  1.9  2.2  2.0
Forecast Dated:     
124. April 30, 2014   2.6  4.0  4.6  4.6  4.5  4.4  4.1  3.9  3.6  3.4  3.2
125. July 31, 2014         2.6  4.5  4.6  4.4  4.3  4.0  3.8  3.6  3.4  3.2
126. October 30, 2014           3.8  4.1  4.0  4.0  4.0  3.8  3.6  3.5  3.4
127. January 31, 2015                2.8  3.3  3.6  3.7  3.8  3.8  3.7  3.6
128. April 29, 2015                       1.6  2.9  3.6  3.9  4.0  4.0  3.8
129. July 31, 2015                             2.1  3.2  3.5  3.7  3.9  3.9
130. October 31, 2015                               3.2  2.6  2.8  3.1  3.4
131. January 30, 2016                                    2.0  2.5  3.1  3.5


                              Table 1 (continued)
            Predicted and Actual Values of the Growth Rate of Real GDP
 
                      162  163  164  171  172  173  174  181  182  183  184  

Actual:               1.9  2.2  2.0  2.3  2.2  3.2  3.5  2.5  3.5  2.9  1.1
Forecast Dated:     
132. April 28, 2016   1.5  2.5  3.2  3.6  3.8  3.9  3.9  3.8  3.7  3.6  3.5
133. July 29, 2016         2.7  2.9  3.2  3.4  3.6  3.7  3.7  3.6  3.6  3.5
134. October 30, 2016           2.8  2.9  3.2  3.3  3.4  3.4  3.4  3.4  3.4
135. January 27, 2017                2.1  2.6  2.9  3.1  3.2  3.3  3.4  3.4
136. April 28, 2017                       2.9  3.1  3.3  3.3  3.3  3.3  3.3
137. July 30, 2017                             2.9  2.4  2.2  1.9  1.9  1.9
138. October 29, 2017                               2.7  2.4  2.2  2.1  2.0
139. January 28, 2018                                    4.0  3.3  2.9  2.7


                              Table 1 (continued)
            Predicted and Actual Values of the Growth Rate of Real GDP
 
                      182  183  184  191  192  193  194  201  202  203  204  

Actual:               3.5  2.9  1.1  3.1  2.0  2.1  2.1 -4.8
Forecast Dated:     
140. April 28, 2018   2.7  2.4  2.5  2.3  2.2  2.2  2.1  2.0  2.0  2.1  2.2    
141. July 29, 2018         3.5  3.0  2.6  2.4  2.2  2.0  1.9  1.8  1.9  1.9    
142. October 27, 2018           2.9  2.9  2.8  2.4  2.2  1.9  1.9  1.9  1.9    
143. February 28, 2019               1.7  1.5  1.2  1.1  1.6  1.9  2.2  2.3    
144. April 26, 2019                       1.2  1.5  1.5  1.9  1.9  2.0  2.0    
145. July 26, 2019                             2.4  2.2  2.3  2.2  2.1  2.0    
146. October 30, 2019                               2.4  2.8  2.7  2.4  2.2    
147. January 30, 2020                                    3.5  2.8  2.4  2.3    

